item1
0,0; 47,0; 47,47; 0,47;

item2
0,48; 47,48; 47,95; 0,95;

item3
0,96, 47,96; 47,143; 0,143;

item4
0,144; 47,144; 47,191; 0,191;

item5
0,192; 47,192; 47,239; 0,239;

item6
0,240; 47,240; 47,287; 0,287;

herb1
0,288; 47,288; 47,335; 0,335;

herb2
48,288; 95,288; 95,335; 48,335;

herb3
96,288; 143,288; 143,335; 96,335;

herb4
144,288; 191,288; 191,335; 144,335;

herb5
192,288; 239,288; 239,335; 192,335;

boost1
0,336; 47,336; 47,383; 0,383;

boost2
48,336; 95,336; 95,383; 48,383;

boost3
96,336; 143,336; 143,383; 96,383;

boost4
144,336; 191,336; 191,383; 144,383;

boost5
192,336; 239,336; 239,383; 192,383;

boost6
240,336; 287,336; 287,383; 240,383;