Zivillian
front walk 1
0,0; 35,0; 35,47; 0,47;
idle front
36,0; 71,0; 71,47; 36,47;
front walk 2
72,0; 107,0; 107,47; 72,47;

left walk 1
108,0; 143,0; 143,47; 108,47;
idle left
144,0; 179,0; 179,47; 144,47;
left walk 2
180,0; 215,0; 215,47; 180,47;

right walk 1
216,0; 251,0; 251,47; 216,47;
idle right
252,0; 287,0; 287,47; 252,47;
right walk 2
288,0; 323,0; 323,47; 288,47;

back walk 1
324,0; 359,0; 359,47; 324,47;
idle back
360,0; 395,0; 395,47; 360,47;
back walk 2
396,0; 431,0; 431,47; 396,47;

-----------------------------------

Zillager
front walk 1
0,48; 35,48; 35,95; 0,95;
idle front
36,48; 71,48; 71,95; 36,95;
front walk 2
72,48; 107,48; 107,95; 72,95;

left walk 1
108,48; 143,48; 143,95; 108,95;
idle left
144,48; 179,48; 179,95; 144,95;
left walk 2
180,48; 215,48; 215,95; 180,95;

right walk 1
216,48; 251,48; 251,95; 216,95;
idle right
252,48; 287,48; 287,95; 252,95;
right walk 2
288,48; 323,48; 323,95; 288,95;

back walk 1
324,48; 359,48; 359,95; 324,95;
idle back
360,48; 395,48; 395,95; 360,95;
back walk 2
396,48; 431,48; 431,95; 396,95;

----------------------------------

Znight
front walk 1
0,96; 35,96; 35,143; 0,143;
idle front
36,96; 71,96; 71,143; 36,143;
front walk 2
72,96; 107,96; 107,143; 72,143;

left walk 1
108,96; 143,96; 143,143; 108,143;
idle left
144,96; 179,96; 179,143; 144,143;
left walk 2
180,96; 215,96; 215,143; 180,143;

right walk 1
216,96; 251,96; 251,143; 216,143;
idle right
252,96; 287,96; 287,143; 252,143;
right walk 2
288,96; 323,96; 323,143; 288,143;

back walk 1
324,96; 359,96; 359,143; 324,143;
idle back
360,96; 395,96; 395,143; 360,143;
back walk 2
396,96; 431,96; 431,143; 396,143;

-----------------------------------

Chieftain
front walk 1
0,145; 66,145; 66,230; 0,230;
idle front
67,145; 133,145; 133,230; 67,230;
front walk 2
134,145; 200,145; 200,230; 134,230;

left walk 1
201,145; 267,145; 267,230; 201,230;
idle left
268,145; 334,145; 334,230; 268,230;
left walk 2
335,145; 401,145; 401,230; 335,230;

=====================================

right walk 1
0,231; 66,231; 66,316; 0,316;
idle right
67,231; 133,231; 133,316; 67,316;
right walk 2
134,231; 200,231; 200,316; 134,316;

back walk 1
201,231; 267,231; 267,316; 201,316;
idle back
268,231; 334,231; 334,316; 268,316;
back walk 2
335,231; 401,231; 401,316; 335,316;


-------------------------------------